date,timestamp,cases,deaths
2020-12-30,1609368505,50023,981
2020-12-31,1609454867,55892,964
2021-01-02,1609605939,57725,445
2021-01-03,1609692129,54990,454
2021-01-04,1609778553,58784,407
2021-01-05,1609865273,60916,830
2021-01-06,1609951077,62322,1041
2021-01-07,1610038661,52618,1162
2021-01-08,1610125149,68053,1325
2021-01-09,1610213459,59937,1035
2021-01-10,1610299262,54940,563
2021-01-11,1610392523,46169,529
2021-01-12,1610478327,45533,1243
2021-01-13,1610564131,47525,1564
2021-01-14,1610669614,48682,1248
2021-01-16,1610803554,55761,1280
2021-01-17,1610903115,38598,671
2021-01-18,1610991392,37535,599
2021-01-19,1611089459,33355,1610
2021-01-20,1611175274,38905,1820
2021-01-21,1611261083,37892,1290
2021-01-22,1611346893,40261,1401
2021-01-23,1611432696,33552,1348
2021-01-24,1611518502,30004,610
2021-01-25,1611604317,22195,592
2021-01-26,1611690118,20089,1631
2021-01-27,1611775932,25308,1725
2021-01-28,1611861736,28680,1239
2021-01-29,1611947538,29079,1220
2021-01-30,1612033353,23275,1200
2021-01-31,1612119163,21088,587
2021-02-01,1612204972,18607,406
2021-02-02,1612290775,16840,1449
2021-02-03,1612376590,19202,1322
2021-02-04,1612462396,20634,915
2021-02-05,1612548204,19114,1014
2021-02-06,1612634008,18262,828
2021-02-07,1612717600,15845,373
2021-02-08,1612859941,14104,333
2021-02-09,1612894048,12364,1052
2021-02-10,1612950105,12689,1027
2021-02-11,1613038003,13013,1001
2021-02-12,1613129985,13494,678
2021-02-13,1613237146,13308,621
2021-02-14,1613321486,10972,258
2021-02-15,1613406340,9765,230
2021-02-16,1613494601,10625,799
2021-02-17,1613581610,12718,738
2021-02-18,1613666026,12057,454
2021-02-19,1613742779,11232,450
2021-02-20,1613841043,10406,445
2021-02-21,1613925184,9834,215
2021-02-22,1614011871,10641,178
2021-02-23,1614099481,8489,548
2021-02-24,1614185529,9938,442
2021-02-25,1614274019,9985,323
2021-02-26,1614357601,8523,345
2021-02-27,1614445729,7434,290
2021-02-28,1614530342,6035,144
2021-03-01,1614618663,5455,104
2021-03-02,1614702860,6391,343
2021-03-03,1614804848,6385,315
2021-03-04,1614875608,6573,242
2021-03-05,1614980740,5947,236
2021-03-06,1615049103,6040,158
2021-03-07,1615151576,5177,82
2021-03-08,1615222089,4712,65
2021-03-09,1615309653,5766,231
2021-03-10,1615395586,5926,190
2021-03-11,1615481562,6753,181
2021-03-12,1615566450,6609,175
2021-03-13,1615653210,5534,121
2021-03-14,1615738414,5312,93
2021-03-15,1615827507,5089,64
2021-03-16,1615916866,5294,110
2021-03-17,1616000354,5758,141
2021-03-18,1616088911,6303,95
2021-03-19,1616174480,4802,101
2021-03-20,1616259800,5587,96
2021-03-21,1616344726,5312,33
2021-03-22,1616430726,5342,17
2021-03-23,1616517953,5379,112
2021-03-24,1616608123,5605,98
2021-03-25,1616697803,6220,63
2021-03-26,1616778637,6187,70
2021-03-27,1616883587,5025,45
2021-03-28,1616948389,3862,19
2021-03-29,1617043981,4654,23
2021-03-30,1617119770,4040,56
2021-03-31,1617207896,4052,43
2021-04-01,1617293008,4478,51
2021-04-02,1617378973,3402,52
2021-04-03,1617483697,3423,10
2021-04-04,1617551755,2297,10
2021-04-05,1617637063,2762,26
2021-04-06,1617724876,2379,20
2021-04-07,1617810441,2763,45
2021-04-08,1617897303,3030,53
2021-04-09,1617987667,3150,60
2021-04-10,1618072101,2589,40
2021-04-11,1618158534,1730,7
2021-04-12,1618249306,3568,13
2021-04-13,1618337198,2472,23
2021-04-14,1618417563,2491,38
2021-04-15,1618503535,2672,30
2021-04-16,1618597096,2596,34
2021-04-17,1618675793,2206,35
2021-04-18,1618763180,1882,10
2021-04-19,1618846985,2963,4
2021-04-20,1618935949,2524,33
2021-04-21,1619020240,2396,22
2021-04-22,1619106093,2729,18
2021-04-23,1619192588,2678,40
2021-04-24,1619280696,2061,32
2021-04-25,1619366384,1712,11
2021-04-26,1619455350,2064,6
2021-04-27,1619538279,2685,17
2021-04-28,1619625078,2166,29
2021-04-29,1619711626,2445,22
2021-04-30,1619799695,2381,15
2021-05-01,1619884154,1907,7
2021-05-02,1619972530,1671,14
2021-05-03,1620060562,1649,1
2021-05-04,1620144795,1946,4
2021-05-05,1620228659,2144,27
2021-05-06,1620315972,2613,13
2021-05-07,1620407046,2490,15
2021-05-08,1620488886,2047,5
2021-05-09,1620575930,1770,2
2021-05-10,1620662530,2357,4
2021-05-11,1620754813,2474,20
2021-05-12,1620834343,2284,11
2021-05-13,1620922122,2657,11
2021-05-14,1621010073,2193,17
2021-05-15,1621094954,2027,7
2021-05-16,1621179245,1926,4
2021-05-17,1621266798,1979,5
2021-05-18,1621372770,2412,7
2021-05-19,1621441238,2696,3
2021-05-20,1621545688,2874,7
2021-05-21,1621614043,2829,9
2021-05-22,1621704122,2694,6
2021-05-23,1621799281,2235,5
2021-05-24,1621873324,2439,3
2021-05-25,1621968250,2493,15
2021-05-26,1622047006,3180,9
2021-05-27,1622132359,3542,10
2021-05-28,1622224743,4182,10
2021-05-29,1622309410,3398,7
2021-05-30,1622397116,3240,6
2021-05-31,1622475777,3383,1
2021-06-01,1622581084,3165,0
2021-06-02,1622646005,4330,12
2021-06-03,1622737830,5274,18
2021-06-04,1622825701,6238,11
2021-06-05,1622924559,5765,13
2021-06-06,1623003690,5341,4
2021-06-07,1623084536,5683,1
2021-06-08,1623173297,6049,13
2021-06-09,1623267407,7540,6
2021-06-10,1623345031,7393,7
2021-06-11,1623428705,8125,17
2021-06-12,1623515944,7738,12
2021-06-13,1623604728,7490,8
2021-06-14,1623692952,7742,3
2021-06-15,1623774595,7673,10
2021-06-17,1623943699,11007,19
2021-06-18,1624031589,10476,11
2021-06-19,1624118943,10321,14
2021-06-20,1624203052,9284,6
2021-06-21,1624289424,10633,5
2021-06-22,1624376074,11625,27
2021-06-23,1624463791,16135,19
2021-06-24,1624548688,16702,21
2021-06-25,1624651202,15296,18
2021-06-26,1624727537,18270,23
2021-06-27,1624819310,14876,11
2021-06-28,1624895243,22868,3
2021-06-29,1624982966,20479,23
2021-06-30,1625066918,26068,14
2021-07-01,1625156882,27989,22
2021-07-02,1625243423,27125,27
2021-07-03,1625329963,24885,18
2021-07-07,1625677827,32548,33
2021-07-09,1625870510,35707,29
2021-07-10,1625950545,32367,34
2021-07-11,1626030343,31772,26
2021-07-12,1626106318,34471,6
2021-07-14,1626280445,42302,49
2021-07-15,1626363514,48553,63
2021-07-16,1626450274,51870,49
2021-07-17,1626537438,54674,41
2021-07-18,1626626244,48161,25
2021-07-19,1626711383,39950,19
2021-07-20,1626798014,46558,96
2021-07-21,1626884066,44104,73
2021-07-22,1626967976,39906,84
2021-07-23,1627057257,36389,64
2021-07-24,1627163127,31795,86
2021-07-25,1627248340,29173,28
2021-07-26,1627318291,24950,14
2021-07-27,1627401262,23511,131
2021-07-28,1627501771,27734,91
2021-07-29,1627572496,31117,85
2021-07-30,1627660010,29622,68
2021-07-31,1627761847,26144,71
2021-08-01,1627835519,24470,65
2021-08-02,1627921766,21952,24
2021-08-03,1628003912,21691,138
2021-08-04,1628092429,29312,119
2021-08-05,1628178590,30215,86
2021-08-06,1628264416,31808,92
2021-08-07,1628351172,28612,103
2021-08-08,1628440676,27429,39
2021-08-09,1628526468,25161,37
2021-08-10,1628629338,23510,146
2021-08-11,1628698143,29612,104
2021-08-12,1628784784,33074,94
2021-08-13,1628869900,32700,100
2021-08-14,1628956670,29520,93
2021-08-15,1629043696,26750,61
2021-08-16,1629130895,28438,26
2021-08-17,1629233108,26852,170
2021-08-18,1629302909,33904,111
2021-08-19,1629386904,36572,113
2021-08-20,1629473658,37314,114
2021-08-21,1629562931,32058,104
2021-08-22,1629648761,32253,49
2021-08-23,1629733784,31914,40
2021-08-24,1629821957,30838,174
2021-08-25,1629907631,35847,149
2021-08-26,1629994003,38281,140
2021-08-27,1630082086,38046,100
2021-08-28,1630167098,32406,133
2021-08-29,1630253763,33196,61
2021-08-30,1630341243,26476,48
2021-08-31,1630429642,32181,50
